160907
206342
212438
262905
368042
551482
590000
873667
873671
1020603
1112393
1188311
1219766
1221766
1472808
1473236
1473452
1499209
1546489
1755732
1841774
1931592
1984322
2023125
2023146
2122003
2243816
2249773
2366226
2414505
2430970
2461566
2771144
2812262
2936939
3122314
3157188
3284109
3300518
3510279
3580389
3668709
3683932
3822382
3890140
3922132
3940430
4027198
4132406
4268205
4369119
4416673
4477394
4513796
4623043
5282124
5445542
5625463
5629268
5644705
5778137
5791353
5816501
6040571
6072434
6157654
6555460
6716056
6719723
6730249
6985197
7073046
7254528
7258796
7263124
7536925
7954512
8149879
8488873
8578150
8627442
8699184
8772908
8912348
